302.754249 267.925238 336.206832
289.932533 275.241190 262.552624
279.096494 298.260093 265.496305
294.868451 332.523997 246.832379
350.507995 323.602697 311.049490
339.867768 317.454071 310.047378
323.760374 363.507986 296.538065
358.276629 351.710642 367.169741
317.119490 316.351997 335.040101
317.401164 318.005700 312.543363
307.238817 307.234980 254.556566
309.913446 309.956935 308.922813
348.824411 344.195963 349.027324
345.616084 345.651750 300.142642
350.642235 350.255019 336.503549
356.676217 356.408287 356.761731
359.395707 357.841478 298.454584
356.846102 357.508352 299.290583
361.740136 363.257622 353.063755
370.340993 369.432729 370.352958
384.317629 385.806833 386.802131
380.310653 380.454887 377.209118
377.121279 378.063197 377.205009
377.131250 377.727961 377.349802
396.036780 392.909744 316.708305
395.529374 396.748994 308.418578
404.524546 404.577396 394.988934
405.739208 405.297422 405.711416
422.672463 422.695917 429.423692
422.047448 421.051647 422.161051
414.776593 414.174253 410.701835
415.233000 416.476422 410.528314
438.707675 438.139602 296.484281
439.548288 440.058296 369.050419
443.952555 444.323179 438.617565
443.731469 442.028235 443.234296
436.355998 434.448368 335.128474
443.285782 442.851608 429.492649
442.685924 442.066216 441.211774
439.650930 424.559576 441.194492
451.361249 452.571231 361.147854
453.520204 453.867694 452.195131
452.338759 452.332614 397.294555
423.281219 448.378863 461.374965
551.465187 552.987330 360.287812
557.349515 558.490497 552.914833
564.211687 563.354099 572.671734
529.630043 540.267982 323.360155
554.849360 554.438963 532.991409
548.102838 562.677792 401.048600
556.416254 554.208632 595.674786
559.321859 556.454417 449.149798
615.449247 598.336378 528.713287
599.422252 600.058616 351.885673
601.010872 613.633439 560.933375
603.725419 602.710752 637.849422
370.166128 371.583215 373.633323
365.106074 363.664058 364.666661
359.497267 359.284227 353.669369
363.935774 365.716607 285.271110
382.726432 382.321704 386.492361
382.920519 384.005049 383.047863
374.161018 373.312285 341.175403
373.970816 374.706614 287.465227
428.197827 428.756642 431.967292
432.186983 431.993681 430.424811
421.633572 420.417431 351.597116
418.535207 421.195222 334.589188
353.891161 314.907460 279.060953
259.669383 345.417060 277.409602
329.249825 384.901431 263.727094
356.139279 328.464629 388.078708
336.651993 303.210126 273.116572
345.947980 365.312613 304.844863
365.839188 368.958491 312.447481
366.225444 309.662547 408.744786
410.968087 348.118814 309.841381
390.749072 406.879734 364.254804
405.630791 408.863152 336.986422
405.745234 402.435413 424.212048
438.992228 387.907907 331.915258
423.850826 438.455446 399.584415
437.140584 438.666925 305.477217
444.041038 422.072455 482.696799
472.123455 472.892251 540.469488
472.849505 448.968531 414.874376
463.646599 481.472320 259.429161
480.712468 524.269692 244.527571
501.119668 424.053646 578.302653
366.941020 424.965019 281.940559
492.182319 503.303952 452.642468
498.108993 529.079508 366.599726
609.823682 582.899273 600.045590
603.906032 589.954624 395.032090
590.930799 605.512139 533.207409
601.208673 602.001406 610.003879
