302.754249 269.012524 342.917939
276.839887 275.241190 262.552624
279.096494 296.264297 265.496305
294.868451 334.477329 246.832379
357.903995 323.602697 309.057680
339.867768 317.454071 310.047378
323.760374 364.966909 298.453222
360.791095 352.779010 373.906821
317.119490 316.351997 334.817265
317.401164 318.005700 312.543363
307.238817 307.234980 254.556566
309.913446 309.956935 308.922813
350.229252 344.195963 350.702267
345.616084 345.651750 300.142642
350.642235 350.255019 336.503549
356.676217 356.408287 357.628895
360.368531 357.841478 298.454584
358.046429 358.340070 299.290583
363.659488 363.795448 353.063755
372.583604 372.008831 373.962629
388.548571 389.830145 389.734728
382.070341 382.003668 380.814946
379.128484 379.308952 377.205009
379.764884 380.369346 378.910757
395.743500 393.810178 316.708305
396.773578 397.135781 308.418578
409.069439 408.928101 394.988934
411.156667 410.015083 412.610940
422.672463 422.695917 426.438090
423.070720 422.944763 422.161051
415.960649 415.158986 410.701835
415.233000 416.109369 416.349109
443.938415 442.897279 296.484281
444.055002 443.051758 369.050419
454.625115 455.447343 451.347822
453.478006 454.083951 453.136763
438.538953 434.334464 335.128474
446.922373 447.153683 429.492649
445.271959 444.718908 444.538636
440.700185 424.559576 442.985156
461.298740 461.053449 375.155622
471.133055 469.848714 456.553696
464.117570 465.068351 397.294555
442.466009 456.578517 448.551696
553.699107 554.449209 360.287812
557.349515 557.394698 552.914833
564.211687 563.354099 567.749925
525.988978 537.642959 323.360155
554.849360 554.941177 532.991409
548.102838 557.493974 401.048600
556.841018 554.208632 592.431918
559.321859 556.454417 449.149798
615.449247 598.336378 526.637901
599.422252 599.742872 351.885673
601.929253 604.653137 560.933375
603.725419 602.710752 634.791271
370.166128 371.583215 373.292235
365.106074 363.664058 364.666661
359.497267 359.284227 353.669369
363.935774 367.130689 285.271110
384.884731 386.926381 382.978614
386.795245 386.397179 384.638562
374.218063 373.312285 341.175403
373.970816 375.051725 287.465227
428.197827 428.756642 433.333956
433.304963 431.993681 430.424811
421.484867 420.417431 351.597116
418.535207 420.822828 334.589188
340.875237 314.907460 279.060953
259.669383 345.417060 277.409602
329.249825 384.901431 263.727094
356.139279 327.013847 393.326847
332.766240 303.210126 273.116572
345.947980 370.507994 304.844863
371.597021 372.100858 312.447481
378.034484 308.242988 412.265151
410.116799 348.118814 309.841381
390.749072 407.964975 364.254804
406.380287 406.174312 336.986422
406.681762 402.767788 424.301089
438.992228 387.907907 331.915258
423.850826 438.455446 399.584415
437.140584 438.877113 305.477217
452.087245 422.072455 470.802726
472.123455 472.892251 531.089243
472.849505 448.968531 414.874376
463.646599 480.896659 259.429161
481.559665 496.345972 244.527571
501.759651 434.006304 566.486218
366.941020 389.887241 281.940559
492.182319 497.773646 452.642468
498.108993 502.383661 380.740690
638.481603 578.658444 599.129016
597.441087 589.954624 395.032090
590.637735 617.674298 533.207409
609.206084 607.835556 640.814792
